dot
4
1.1
2.1
3.1
4.1
4
3.1
3.1
2.1
1.1
20.94
mult-2-matrix
4
2
1.1
2.1
3.1
4.1
1.1
2.1
3.1
4.1
2
3
1.1
1.2
1.3
2.1
2.2
3.3
4
3
5.62
5.94
8.36
12.02
12.74
17.56
5.62 
5.94 
8.36
12.02 
12.74 
17.56
transpose
4
3
5.62
5.94
8.36
12.02
12.74
17.56
5.62 
5.94 
8.36
12.02 
12.74 
17.56
3
4
5.62
12.02
5.62
12.02
5.94
12.74
5.94
12.74
8.36
17.56
8.36
17.56
mult-matrix-vector
3
4
5.62
12.02
5.62
12.02
5.94
12.74
5.94
12.74
8.36
17.56
8.36
17.56
4
1.0
2.0
3.0
4.0
3
94.6
100.2
138.8
mult-vector-matrix
3
94.6
100.2
138.8
3
4
5.62
12.02
5.62
12.02
5.94
12.74
5.94
12.74
8.36
17.56
8.36
17.56
4
2287.21
4850.97
2287.21
4850.97